# Created by Octave 4.4.1, Sat Sep 15 11:45:37 2018 GMT <unknown@AlanP>
# name: a
# type: matrix
# rows: 1
# columns: 3
 1 2 3


# name: ans
# type: scalar
0


# name: b
# type: matrix
# rows: 2
# columns: 3
 1 2 3
 4 5 6


# name: c
# type: matrix
# rows: 1
# columns: 10
 1 2 3 4 5 6 7 8 9 10


# name: d
# type: range
# base, limit, increment
1 1000 1


# name: e
# type: matrix
# rows: 1
# columns: 5
 1 2 3 4 5


# name: f
# type: matrix
# rows: 1
# columns: 5
 2 4 6 8 10


# name: g
# type: matrix
# rows: 1
# columns: 5
 4 5 6 7 8


# name: str
# type: string
# elements: 1
# length: 11
hello world


# name: x
# type: matrix
# rows: 1
# columns: 361
 0 0.017453292519943295 0.034906585039886591 0.05235987755982989 0.069813170079773182 0.087266462599716474 0.10471975511965978 0.12217304763960307 0.13962634015954636 0.15707963267948966 0.17453292519943295 0.19198621771937624 0.20943951023931956 0.22689280275926285 0.24434609527920614 0.26179938779914941 0.27925268031909273 0.29670597283903605 0.31415926535897931 0.33161255787892263 0.3490658503988659 0.36651914291880922 0.38397243543875248 0.4014257279586958 0.41887902047863912 0.43633231299858238 0.4537856055185257 0.47123889803846897 0.48869219055841229 0.50614548307835561 0.52359877559829882 0.54105206811824214 0.55850536063818546 0.57595865315812877 0.59341194567807209 0.6108652381980153 0.62831853071795862 0.64577182323790194 0.66322511575784526 0.68067840827778847 0.69813170079773179 0.71558499331767511 0.73303828583761843 0.75049157835756175 0.76794487087750496 0.78539816339744828 0.8028514559173916 0.82030474843733492 0.83775804095727824 0.85521133347722145 0.87266462599716477 0.89011791851710809 0.90757121103705141 0.92502450355699462 0.94247779607693793 0.95993108859688125 0.97738438111682457 0.99483767363676789 1.0122909661567112 1.0297442586766545 1.0471975511965976 1.064650843716541 1.0821041362364843 1.0995574287564276 1.1170107212763709 1.1344640137963142 1.1519173063162575 1.1693705988362009 1.1868238913561442 1.2042771838760873 1.2217304763960306 1.2391837689159739 1.2566370614359172 1.2740903539558606 1.2915436464758039 1.3089969389957472 1.3264502315156905 1.3439035240356338 1.3613568165555769 1.3788101090755203 1.3962634015954636 1.4137166941154069 1.4311699866353502 1.4486232791552935 1.4660765716752369 1.4835298641951802 1.5009831567151235 1.5184364492350666 1.5358897417550099 1.5533430342749532 1.5707963267948966 1.5882496193148399 1.6057029118347832 1.6231562043547265 1.6406094968746698 1.6580627893946132 1.6755160819145565 1.6929693744344996 1.7104226669544429 1.7278759594743862 1.7453292519943295 1.7627825445142729 1.7802358370342162 1.7976891295541595 1.8151424220741028 1.8325957145940461 1.8500490071139892 1.8675022996339325 1.8849555921538759 1.9024088846738192 1.9198621771937625 1.9373154697137058 1.9547687622336491 1.9722220547535925 1.9896753472735358 2.0071286397934789 2.0245819323134224 2.0420352248333655 2.0594885173533091 2.0769418098732522 2.0943951023931953 2.1118483949131388 2.1293016874330819 2.1467549799530254 2.1642082724729685 2.1816615649929121 2.1991148575128552 2.2165681500327987 2.2340214425527418 2.2514747350726849 2.2689280275926285 2.2863813201125716 2.3038346126325151 2.3212879051524582 2.3387411976724017 2.3561944901923448 2.3736477827122884 2.3911010752322315 2.4085543677521746 2.4260076602721181 2.4434609527920612 2.4609142453120048 2.4783675378319479 2.4958208303518914 2.5132741228718345 2.530727415391778 2.5481807079117211 2.5656340004316642 2.5830872929516078 2.6005405854715509 2.6179938779914944 2.6354471705114375 2.6529004630313811 2.6703537555513241 2.6878070480712677 2.7052603405912108 2.7227136331111539 2.7401669256310974 2.7576202181510405 2.7750735106709841 2.7925268031909272 2.8099800957108707 2.8274333882308138 2.8448866807507573 2.8623399732707004 2.8797932657906435 2.8972465583105871 2.9146998508305302 2.9321531433504737 2.9496064358704168 2.9670597283903604 2.9845130209103035 3.001966313430247 3.0194196059501901 3.0368728984701332 3.0543261909900767 3.0717794835100198 3.0892327760299634 3.1066860685499065 3.12413936106985 3.1415926535897931 3.1590459461097367 3.1764992386296798 3.1939525311496229 3.2114058236695664 3.2288591161895095 3.246312408709453 3.2637657012293961 3.2812189937493397 3.2986722862692828 3.3161255787892263 3.3335788713091694 3.351032163829113 3.3684854563490561 3.3859387488689991 3.4033920413889427 3.4208453339088858 3.4382986264288293 3.4557519189487724 3.473205211468716 3.4906585039886591 3.5081117965086026 3.5255650890285457 3.5430183815484888 3.5604716740684323 3.5779249665883754 3.595378259108319 3.6128315516282621 3.6302848441482056 3.6477381366681487 3.6651914291880923 3.6826447217080354 3.7000980142279785 3.717551306747922 3.7350045992678651 3.7524578917878086 3.7699111843077517 3.7873644768276953 3.8048177693476384 3.8222710618675819 3.839724354387525 3.8571776469074681 3.8746309394274117 3.8920842319473548 3.9095375244672983 3.9269908169872414 3.9444441095071849 3.961897402027128 3.9793506945470716 3.9968039870670147 4.0142572795869578 4.0317105721069009 4.0491638646268449 4.066617157146788 4.0840704496667311 4.1015237421866741 4.1189770347066181 4.1364303272265612 4.1538836197465043 4.1713369122664474 4.1887902047863905 4.2062434973063345 4.2236967898262776 4.2411500823462207 4.2586033748661638 4.2760566673861078 4.2935099599060509 4.310963252425994 4.3284165449459371 4.3458698374658802 4.3633231299858242 4.3807764225057673 4.3982297150257104 4.4156830075456535 4.4331363000655974 4.4505895925855405 4.4680428851054836 4.4854961776254267 4.5029494701453698 4.5204027626653138 4.5378560551852569 4.5553093477052 4.5727626402251431 4.5902159327450871 4.6076692252650302 4.6251225177849733 4.6425758103049164 4.6600291028248595 4.6774823953448035 4.6949356878647466 4.7123889803846897 4.7298422729046328 4.7472955654245768 4.7647488579445199 4.782202150464463 4.7996554429844061 4.8171087355043491 4.8345620280242931 4.8520153205442362 4.8694686130641793 4.8869219055841224 4.9043751981040664 4.9218284906240095 4.9392817831439526 4.9567350756638957 4.9741883681838388 4.9916416607037828 5.0090949532237259 5.026548245743669 5.0440015382636121 5.0614548307835561 5.0789081233034992 5.0963614158234423 5.1138147083433854 5.1312680008633285 5.1487212933832724 5.1661745859032155 5.1836278784231586 5.2010811709431017 5.2185344634630457 5.2359877559829888 5.2534410485029319 5.270894341022875 5.2883476335428181 5.3058009260627621 5.3232542185827052 5.3407075111026483 5.3581608036225914 5.3756140961425354 5.3930673886624785 5.4105206811824216 5.4279739737023647 5.4454272662223078 5.4628805587422518 5.4803338512621949 5.497787143782138 5.5152404363020811 5.532693728822025 5.5501470213419681 5.5676003138619112 5.5850536063818543 5.6025068989017974 5.6199601914217414 5.6374134839416845 5.6548667764616276 5.6723200689815707 5.6897733615015147 5.7072266540214578 5.7246799465414009 5.742133239061344 5.7595865315812871 5.7770398241012311 5.7944931166211742 5.8119464091411173 5.8293997016610604 5.8468529941810043 5.8643062867009474 5.8817595792208905 5.8992128717408336 5.9166661642607767 5.9341194567807207 5.9515727493006638 5.9690260418206069 5.98647933434055 6.003932626860494 6.0213859193804371 6.0388392119003802 6.0562925044203233 6.0737457969402664 6.0911990894602104 6.1086523819801535 6.1261056745000966 6.1435589670200397 6.1610122595399837 6.1784655520599268 6.1959188445798699 6.213372137099813 6.2308254296197561 6.2482787221397 6.2657320146596431 6.2831853071795862


# name: y
# type: matrix
# rows: 1
# columns: 361
 0 0.017452406437283512 0.034899496702500969 0.052335956242943835 0.069756473744125302 0.087155742747658166 0.10452846326765347 0.12186934340514748 0.13917310096006544 0.15643446504023087 0.17364817766693033 0.1908089953765448 0.20791169081775934 0.224951054343865 0.24192189559966773 0.25881904510252074 0.27563735581699916 0.29237170472273677 0.3090169943749474 0.3255681544571567 0.34202014332566871 0.35836794954530027 0.37460659341591201 0.39073112848927377 0.40673664307580021 0.42261826174069944 0.4383711467890774 0.45399049973954675 0.46947156278589081 0.48480962024633706 0.49999999999999994 0.51503807491005416 0.5299192642332049 0.54463903501502708 0.5591929034707469 0.57357643635104605 0.58778525229247314 0.60181502315204827 0.61566147532565829 0.62932039104983739 0.64278760968653925 0.65605902899050728 0.66913060635885824 0.68199836006249848 0.69465837045899725 0.70710678118654746 0.71933980033865108 0.73135370161917046 0.74314482547739424 0.75470958022277201 0.76604444311897801 0.7771459614569709 0.78801075360672201 0.79863551004729283 0.80901699437494745 0.8191520442889918 0.82903757255504174 0.83867056794542405 0.84804809615642596 0.85716730070211233 0.8660254037844386 0.87461970713939574 0.88294759285892688 0.89100652418836779 0.89879404629916704 0.90630778703664994 0.91354545764260087 0.92050485345244037 0.92718385456678742 0.93358042649720174 0.93969262078590832 0.94551857559931674 0.95105651629515353 0.95630475596303544 0.96126169593831889 0.96592582628906831 0.97029572627599647 0.97437006478523525 0.97814760073380558 0.98162718344766398 0.98480775301220802 0.98768834059513777 0.99026806874157036 0.99254615164132198 0.99452189536827329 0.99619469809174555 0.9975640502598242 0.99862953475457383 0.99939082701909576 0.99984769515639127 1 0.99984769515639127 0.99939082701909576 0.99862953475457383 0.9975640502598242 0.99619469809174555 0.99452189536827329 0.99254615164132209 0.99026806874157036 0.98768834059513777 0.98480775301220802 0.98162718344766398 0.97814760073380569 0.97437006478523525 0.97029572627599647 0.96592582628906831 0.96126169593831889 0.95630475596303555 0.95105651629515364 0.94551857559931685 0.93969262078590843 0.93358042649720174 0.92718385456678742 0.92050485345244026 0.91354545764260087 0.90630778703665005 0.89879404629916693 0.8910065241883679 0.88294759285892688 0.87461970713939585 0.86602540378443871 0.85716730070211233 0.84804809615642607 0.83867056794542394 0.82903757255504174 0.81915204428899169 0.80901699437494745 0.79863551004729272 0.78801075360672201 0.77714596145697101 0.76604444311897801 0.75470958022277213 0.74314482547739424 0.73135370161917057 0.71933980033865108 0.70710678118654757 0.69465837045899714 0.68199836006249859 0.66913060635885835 0.65605902899050728 0.64278760968653947 0.62932039104983739 0.6156614753256584 0.60181502315204816 0.58778525229247325 0.57357643635104594 0.5591929034707469 0.54463903501502731 0.5299192642332049 0.51503807491005438 0.49999999999999994 0.48480962024633717 0.46947156278589069 0.45399049973954686 0.43837114678907729 0.4226182617406995 0.40673664307580043 0.39073112848927377 0.37460659341591224 0.35836794954530021 0.34202014332566888 0.32556815445715659 0.30901699437494751 0.2923717047227366 0.27563735581699922 0.25881904510252102 0.24192189559966773 0.2249510543438652 0.20791169081775931 0.19080899537654497 0.17364817766693028 0.15643446504023098 0.13917310096006533 0.12186934340514755 0.10452846326765373 0.087155742747658194 0.069756473744125524 0.052335956242943807 0.034899496702501143 0.017452406437283439 1.2246063538223773e-16 -0.017452406437283637 -0.0348994967025009 -0.052335956242943564 -0.069756473744125275 -0.087155742747657944 -0.1045284632676535 -0.12186934340514731 -0.13917310096006552 -0.15643446504023073 -0.17364817766693047 -0.19080899537654472 -0.20791169081775951 -0.22495105434386498 -0.24192189559966751 -0.25881904510252079 -0.275637355816999 -0.29237170472273677 -0.30901699437494728 -0.32556815445715676 -0.34202014332566866 -0.35836794954530043 -0.37460659341591201 -0.39073112848927355 -0.40673664307580021 -0.42261826174069927 -0.43837114678907746 -0.45399049973954669 -0.46947156278589086 -0.48480962024633695 -0.50000000000000011 -0.51503807491005416 -0.52991926423320479 -0.54463903501502708 -0.55919290347074668 -0.57357643635104616 -0.58778525229247303 -0.60181502315204838 -0.61566147532565818 -0.62932039104983761 -0.64278760968653925 -0.65605902899050705 -0.66913060635885824 -0.68199836006249837 -0.69465837045899737 -0.70710678118654746 -0.71933980033865119 -0.73135370161917046 -0.74314482547739436 -0.75470958022277201 -0.7660444431189779 -0.77714596145697057 -0.78801075360672213 -0.79863551004729283 -0.80901699437494734 -0.81915204428899158 -0.82903757255504185 -0.83867056794542405 -0.84804809615642596 -0.85716730070211211 -0.86602540378443837 -0.87461970713939596 -0.88294759285892699 -0.89100652418836779 -0.89879404629916682 -0.90630778703665005 -0.91354545764260098 -0.92050485345244026 -0.92718385456678731 -0.93358042649720163 -0.93969262078590843 -0.94551857559931685 -0.95105651629515353 -0.95630475596303532 -0.96126169593831901 -0.96592582628906831 -0.97029572627599647 -0.97437006478523513 -0.97814760073380558 -0.98162718344766398 -0.98480775301220802 -0.98768834059513766 -0.99026806874157025 -0.99254615164132209 -0.9945218953682734 -0.99619469809174555 -0.9975640502598242 -0.99862953475457383 -0.99939082701909576 -0.99984769515639127 -1 -0.99984769515639127 -0.99939082701909576 -0.99862953475457383 -0.99756405025982431 -0.99619469809174555 -0.9945218953682734 -0.99254615164132198 -0.99026806874157036 -0.98768834059513777 -0.98480775301220813 -0.98162718344766386 -0.97814760073380558 -0.97437006478523525 -0.97029572627599658 -0.96592582628906842 -0.96126169593831878 -0.95630475596303544 -0.95105651629515364 -0.94551857559931696 -0.93969262078590832 -0.93358042649720174 -0.92718385456678742 -0.92050485345244049 -0.91354545764260109 -0.90630778703664994 -0.89879404629916704 -0.8910065241883679 -0.8829475928589271 -0.87461970713939563 -0.8660254037844386 -0.85716730070211233 -0.84804809615642618 -0.83867056794542427 -0.82903757255504162 -0.8191520442889918 -0.80901699437494756 -0.79863551004729305 -0.78801075360672179 -0.77714596145697079 -0.76604444311897812 -0.75470958022277224 -0.74314482547739458 -0.73135370161917035 -0.71933980033865119 -0.70710678118654768 -0.69465837045899759 -0.68199836006249825 -0.66913060635885813 -0.65605902899050739 -0.64278760968653958 -0.62932039104983784 -0.61566147532565818 -0.60181502315204827 -0.58778525229247336 -0.57357643635104649 -0.55919290347074657 -0.54463903501502697 -0.52991926423320501 -0.51503807491005449 -0.50000000000000044 -0.48480962024633689 -0.46947156278589081 -0.45399049973954697 -0.43837114678907779 -0.42261826174069922 -0.40673664307580015 -0.39073112848927388 -0.37460659341591235 -0.35836794954530077 -0.3420201433256686 -0.3255681544571567 -0.30901699437494762 -0.29237170472273716 -0.27563735581699894 -0.25881904510252068 -0.24192189559966787 -0.22495105434386534 -0.20791169081775987 -0.19080899537654467 -0.17364817766693039 -0.15643446504023109 -0.13917310096006588 -0.12186934340514723 -0.10452846326765342 -0.087155742747658319 -0.069756473744125636 -0.052335956242944369 -0.034899496702500823 -0.01745240643728356 -2.4492127076447545e-16


